66
2
2
2004
Предприятие
1
5600
--------------------------
55
2
2
2004
Предприятие
1
100
--------------------------
11
11
10
2003
Предприятие
0
4990
--------------------------
22
2
2
2004
Предприятие
0
2600
--------------------------
44
1
12
2004
Предприятие
1
5600
--------------------------
33
7
2
2006
Предприятие
1
5300
--------------------------
77
10
10
2003
Предприятие
1
3000
--------------------------
88
27
9
2003
Предприятие
0
4990
--------------------------
99
28
9
2003
Предприятие
0
1000
--------------------------
100
1
8
2003
Предприятие
0
4992
--------------------------
111
28
10
2006
Предприятие
1
5200
--------------------------
122
28
10
2006
Предприятие
1
3000
--------------------------
133
22
1
2004
Предприятие
1
5600
--------------------------
144
23
1
2004
Предприятие
1
1600
--------------------------
155
16
11
2006
Предприятие
1
5300
--------------------------
166
17
11
2006
Предприятие
1
2000
--------------------------
177
17
11
2006
Предприятие
0
1500
--------------------------
188
22
4
2003
Предприятие
1
4990
--------------------------
199
5
9
2004
Предприятие
0
5600
--------------------------
211
5
9
2004
Предприятие
0
2200
--------------------------
222
5
9
2004
Предприятие
1
7800
--------------------------
233
19
10
2003
Предприятие
0
4990
--------------------------
244
10
9
2006
Предприятие
0
540
--------------------------
444
9
9
2006
Предприятие
1
1000
--------------------------
445
8
9
2006
Предприятие
1
1400
--------------------------
446
7
9
2006
Предприятие
0
5200
--------------------------
666
23
1
2001
Предприятие
0
5200
--------------------------
667
24
1
2001
Предприятие
0
5200
--------------------------
668
25
1
2001
Предприятие
1
15200